Paymt No                Principal                 Interest                  Balance
--------                ---------                 --------                  -------
0                        0                        0                   180000
1                        473.54                  1200.00                179526.46
2                        476.69                  1196.84                179049.77
3                        479.87                  1193.67                178569.89
4                        483.07                  1190.47                178086.82
5                        486.29                  1187.25                177600.53
6                        489.53                  1184.00                177111.00
7                        492.80                  1180.74                176618.20
8                        496.08                  1177.45                176122.11
9                        499.39                  1174.15                175622.72
10                        502.72                  1170.82                175120.00
11                        506.07                  1167.47                174613.93
12                        509.45                  1164.09                174104.49
13                        512.84                  1160.70                173591.65
14                        516.26                  1157.28                173075.39
15                        519.70                  1153.84                172555.68
16                        523.17                  1150.37                172032.52
17                        526.65                  1146.88                171505.86
18                        530.17                  1143.37                170975.70
19                        533.70                  1139.84                170442.00
20                        537.26                  1136.28                169904.74
21                        540.84                  1132.70                169363.90
22                        544.45                  1129.09                168819.45
23                        548.07                  1125.46                168271.38
24                        551.73                  1121.81                167719.65
25                        555.41                  1118.13                167164.24
26                        559.11                  1114.43                166605.13
27                        562.84                  1110.70                166042.30
28                        566.59                  1106.95                165475.71
29                        570.37                  1103.17                164905.34
30                        574.17                  1099.37                164331.17
31                        578.00                  1095.54                163753.17
32                        581.85                  1091.69                163171.32
33                        585.73                  1087.81                162585.60
34                        589.63                  1083.90                161995.96
35                        593.56                  1079.97                161402.40
36                        597.52                  1076.02                160804.87
37                        601.51                  1072.03                160203.37
38                        605.52                  1068.02                159597.85
39                        609.55                  1063.99                158988.30
40                        613.62                  1059.92                158374.69
41                        617.71                  1055.83                157756.98
42                        621.82                  1051.71                157135.15
43                        625.97                  1047.57                156509.18
44                        630.14                  1043.39                155879.04
45                        634.34                  1039.19                155244.70
46                        638.57                  1034.96                154606.12
47                        642.83                  1030.71                153963.29
48                        647.12                  1026.42                153316.18
49                        651.43                  1022.11                152664.75
50                        655.77                  1017.76                152008.97
51                        660.14                  1013.39                151348.83
52                        664.55                  1008.99                150684.28
53                        668.98                  1004.56                150015.31
54                        673.44                  1000.10                149341.87
55                        677.93                   995.61                148663.94
56                        682.45                   991.09                147981.50
57                        686.99                   986.54                147294.51
58                        691.57                   981.96                146602.93
59                        696.19                   977.35                145906.75
60                        700.83                   972.71                145205.92
61                        705.50                   968.04                144500.42
62                        710.20                   963.34                143790.22
63                        714.94                   958.60                143075.28
64                        719.70                   953.84                142355.58
65                        724.50                   949.04                141631.08
66                        729.33                   944.21                140901.75
67                        734.19                   939.34                140167.55
68                        739.09                   934.45                139428.47
69                        744.01                   929.52                138684.45
70                        748.97                   924.56                137935.48
71                        753.97                   919.57                137181.51
72                        758.99                   914.54                136422.51
73                        764.05                   909.48                135658.46
74                        769.15                   904.39                134889.31
75                        774.28                   899.26                134115.04
76                        779.44                   894.10                133335.60
77                        784.63                   888.90                132550.96
78                        789.86                   883.67                131761.10
79                        795.13                   878.41                130965.97
80                        800.43                   873.11                130165.54
81                        805.77                   867.77                129359.77
82                        811.14                   862.40                128548.63
83                        816.55                   856.99                127732.08
84                        821.99                   851.55                126910.09
85                        827.47                   846.07                126082.62
86                        832.99                   840.55                125249.63
87                        838.54                   835.00                124411.09
88                        844.13                   829.41                123566.96
89                        849.76                   823.78                122717.21
90                        855.42                   818.11                121861.78
91                        861.13                   812.41                121000.66
92                        866.87                   806.67                120133.79
93                        872.65                   800.89                119261.14
94                        878.46                   795.07                118382.68
95                        884.32                   789.22                117498.36
96                        890.22                   783.32                116608.14
97                        896.15                   777.39                115711.99
98                        902.12                   771.41                114809.87
99                        908.14                   765.40                113901.73
100                        914.19                   759.34                112987.54
101                        920.29                   753.25                112067.25
102                        926.42                   747.11                111140.83
103                        932.60                   740.94                110208.23
104                        938.82                   734.72                109269.41
105                        945.08                   728.46                108324.34
106                        951.38                   722.16                107372.96
107                        957.72                   715.82                106415.24
108                        964.10                   709.43                105451.14
109                        970.53                   703.01                104480.61
110                        977.00                   696.54                103503.61
111                        983.51                   690.02                102520.09
112                        990.07                   683.47                101530.02
113                        996.67                   676.87                100533.35
114                       1003.32                   670.22                 99530.04
115                       1010.00                   663.53                 98520.03
116                       1016.74                   656.80                 97503.29
117                       1023.52                   650.02                 96479.78
118                       1030.34                   643.20                 95449.44
119                       1037.21                   636.33                 94412.23
120                       1044.12                   629.41                 93368.11
121                       1051.08                   622.45                 92317.02
122                       1058.09                   615.45                 91258.93
123                       1065.15                   608.39                 90193.79
124                       1072.25                   601.29                 89121.54
125                       1079.39                   594.14                 88042.15
126                       1086.59                   586.95                 86955.56
127                       1093.83                   579.70                 85861.72
128                       1101.13                   572.41                 84760.60
129                       1108.47                   565.07                 83652.13
130                       1115.86                   557.68                 82536.27
131                       1123.30                   550.24                 81412.97
132                       1130.78                   542.75                 80282.19
133                       1138.32                   535.21                 79143.87
134                       1145.91                   527.63                 77997.95
135                       1153.55                   519.99                 76844.40
136                       1161.24                   512.30                 75683.16
137                       1168.98                   504.55                 74514.18
138                       1176.78                   496.76                 73337.40
139                       1184.62                   488.92                 72152.78
140                       1192.52                   481.02                 70960.26
141                       1200.47                   473.07                 69759.79
142                       1208.47                   465.07                 68551.32
143                       1216.53                   457.01                 67334.79
144                       1224.64                   448.90                 66110.15
145                       1232.80                   440.73                 64877.34
146                       1241.02                   432.52                 63636.32
147                       1249.30                   424.24                 62387.03
148                       1257.62                   415.91                 61129.40
149                       1266.01                   407.53                 59863.39
150                       1274.45                   399.09                 58588.94
151                       1282.95                   390.59                 57306.00
152                       1291.50                   382.04                 56014.50
153                       1300.11                   373.43                 54714.39
154                       1308.78                   364.76                 53405.62
155                       1317.50                   356.04                 52088.12
156                       1326.28                   347.25                 50761.83
157                       1335.13                   338.41                 49426.71
158                       1344.03                   329.51                 48082.68
159                       1352.99                   320.55                 46729.69
160                       1362.01                   311.53                 45367.69
161                       1371.09                   302.45                 43996.60
162                       1380.23                   293.31                 42616.37
163                       1389.43                   284.11                 41226.95
164                       1398.69                   274.85                 39828.25
165                       1408.02                   265.52                 38420.24
166                       1417.40                   256.13                 37002.83
167                       1426.85                   246.69                 35575.98
168                       1436.36                   237.17                 34139.62
169                       1445.94                   227.60                 32693.68
170                       1455.58                   217.96                 31238.10
171                       1465.28                   208.25                 29772.81
172                       1475.05                   198.49                 28297.76
173                       1484.89                   188.65                 26812.87
174                       1494.79                   178.75                 25318.09
175                       1504.75                   168.79                 23813.34
176                       1514.78                   158.76                 22298.56
177                       1524.88                   148.66                 20773.67
178                       1535.05                   138.49                 19238.63
179                       1545.28                   128.26                 17693.35
180                       1555.58                   117.96                 16137.76
181                       1565.95                   107.59                 14571.81
182                       1576.39                    97.15                 12995.42
183                       1586.90                    86.64                 11408.52
184                       1597.48                    76.06                  9811.04
185                       1608.13                    65.41                  8202.91
186                       1618.85                    54.69                  6584.05
187                       1629.64                    43.89                  4954.41
188                       1640.51                    33.03                  3313.90
189                       1651.45                    22.09                  1662.45
190                       1662.45                    11.08                    -0.00
